35  35  35  35  35  35  35  35  35  35  35  35  35  35  35  35  35  35  35  35  35  35  35  35  35  35  35  35  35  35  35  1
35  35  35  35  35  35  35  35  35  35  35  35  35  35  35  35  35  35  35  35  35  35  35  35  35  35  35  35  35  35  35  35
35  35  35  35  35  35  35  35  35  35  35  35  35  35  35  35  35  35  35  35  35  35  35  35  35  52  35  35  35  35  35  1
35  35  35  35  80 80 35  35  35  35  35  35  35  35  9   9   9   9   9   9   35  35  35  35  35  35  9   35  35  35  35  1
35  35  35  35  80 80 35  35  35  35  35  35  35  35  9  65 65 65 65  9   35  35  35  35  35  35  9   35  35  35  35  35
35  35  35  35  35  35  35  35  35  35  35  35  35  35  9  65  9   9  65  9   35  35  35  35  52  35  9   35  35  35  35  35
35  35  35  35  35  35  35  35  52  35  35  35  35  35  35 65  9   9  65  35  35  35  35  35  35  35  35  35  35  35  35  35
35  35  35  35  35  35  35  35  35  35  35  35  35  35  9  65 65 65 65  9   35  35  35  35  35  35  35  35  35  35  35  35
35  35  35  35  35  35  35  35  35  35  35  52 35  35  9   9   9   9   9   9   35  35  35  35  35  35  35  35  35  35  35  35
35  35  35  35  35  35  35  35  35  35  35  35  35  35  35  35  35  35  35  35  35  35  35  35  35  35  35  35  35  35  35  35
35  35  35  35  35  35  9  35  35  35  35  35  35  35  35  35  35  35  35  35  35  35  35  35  35  35  35  35  35  35  35  35
35  35  35  35  35  35  35  35  35  35  35  35  35  35  35  35  35  35  35  35  35  35  35  35  35  35  35  35  35  35  35  35
35  35  35  35  35  35  35  35  35  35  35  35  35  35  35  35  35  35  35  35  35  35  35  35  35  35  35  35  35  35  35  35
35  35  35  35  35  35  35  35  35  35  35  35  35  35  35  35  35  35  35  35  35  35  35  35  35  35  35  35  35  35  35  35
35  35  35  35  35  35  35  35  35  35  35  35  35  48  48  48  48  48  48  48  35  35  35  132 132 132 132 132 132 132 132 132
35  35  35  35  35  35  35  35  35  35  35  35  35  35  35  35  35  35  35  35  35  35  9   132 35  35  35  35  35  35  35  35
35  35  35  35  35  35  35  35  35  35  35  35  35  35  35  35  35  35  35  35  132 35  132 132 35  35  35  35  35  35  35  35
35  35  35  35  35  52  35  35  35  35  35  35  35  35  35  35  35  35  35  35  132 35  35  35  35  35  35  35  35  35  35  35
35  35  35  35  35  35  35  35  35  35  35  35  35  35  35  35  35  35  35  35  132 35  35  35  35  35  35  35  35  35  35  35
35  35  35  35  35  35  35  35  35  35  35  35  35  35  35  35  35  35  35  35  132 35  35  35  35  35  35  35  35  35  35  35
35  35  35  35  35  35  35  35  35  35  35  35  35  35  35  35  35  35  35  35  132 35  26  35  26  35  26  35  26  35  26  35
35  35  35  35  35  35  35  35  35  35  35  35  35  35  35  35  35  35  35  35  132 35  35  26  35  26  35  26  35  26  35  26
35  35  35  35  35  35  35  35  35  35  35  35  35  35  35  35  35  35  35  35  132 35  26  35  26  35  26  35  26  35  26  35
35  35  35  35  35  35  35  35  35  35  35  35  35  35  35  35  35  35  35  35  132 35  35  26  35  26  35  26  35  26  35  26

